Trial3


























































































































































































































































































































































































































































































































































































































































































































































































































































































































































































































































































































































































0.0 0.0 0.08 -0.08 -0.12 0.0 -8.2 
0.0 0.0 0.08 -0.08 -0.12 0.0 -8.2 
0.0 -10.0 0.08 -0.08 -0.12 0.0 -8.2 
20.0 -80.0 0.08 -0.08 -0.12 0.0 -8.2 
89.0 -80.0 0.08 -0.08 -0.12 0.0 -8.2 
89.0 -166.0 0.12 -0.12 -0.12 0.0 -8.2 
89.0 -166.0 0.12 -0.12 -0.12 0.0 -8.2 
172.0 -305.0 0.12 -0.12 -0.12 0.0 -8.2 
306.0 -480.0 0.12 -0.12 -0.12 0.0 -8.2 
473.0 -480.0 0.12 -0.12 -0.12 0.0 -8.2 
473.0 -480.0 0.12 -0.12 -0.12 0.0 -8.2 
473.0 -682.0 0.12 -0.12 -0.12 0.0 -8.2 
661.0 -895.0 0.0 -0.12 -0.12 0.0 -8.2 
661.0 -895.0 0.0 -0.12 -0.12 0.0 -8.2 
863.0 -1094.0 0.12 0.0 -0.12 0.0 -8.21 
1012.0 -1094.0 0.12 -0.12 -0.12 0.0 -8.21 
1012.0 -1299.0 0.12 -0.12 -0.13 0.0 -8.21 
1012.0 -1299.0 0.12 -0.12 -0.13 0.0 -8.21 
1182.0 -1515.0 0.12 -0.12 -0.13 0.0 -8.21 
1182.0 -1515.0 0.12 -0.12 -0.13 0.0 -8.21 
1380.0 -1739.0 0.13 -0.13 -0.16 0.0 -8.21 
1587.0 -1739.0 0.13 -0.13 -0.16 0.0 -8.21 
1587.0 -1739.0 0.13 -0.13 -0.16 0.0 -8.21 
1794.0 -1970.0 0.13 -0.13 -0.16 0.0 -8.21 
1794.0 -2218.0 0.16 -0.16 -0.16 0.0 -8.21 
1794.0 -2218.0 0.16 -0.16 -0.16 0.0 -8.21 
2027.0 -2502.0 0.16 -0.16 -0.16 0.0 -8.21 
2276.0 -2758.0 0.16 -0.16 -0.16 0.0 -8.21 
2276.0 -2758.0 0.16 -0.16 -0.16 0.0 -8.21 
2481.0 -3049.0 0.16 -0.16 -0.16 0.0 -8.21 
2481.0 -3049.0 0.16 -0.16 -0.16 0.0 -8.21 
2745.0 -3049.0 0.16 -0.16 -0.16 0.0 -8.21 
2745.0 -3361.0 0.16 -0.16 -0.16 0.0 -8.21 
3029.0 -3681.0 0.16 -0.16 -0.16 0.0 -8.21 
3029.0 -3681.0 0.16 -0.16 -0.16 0.0 -8.21 
3318.0 -4005.0 0.16 -0.16 -0.16 0.0 -8.21 
3607.0 -4005.0 0.16 -0.16 -0.16 0.0 -8.21 
3607.0 -4327.0 0.16 -0.16 -0.16 0.0 -8.21 
3904.0 -4327.0 0.16 -0.16 -0.22 0.0 -8.21 
3904.0 -4657.0 0.16 -0.16 -0.22 0.0 -8.21 
4211.0 -4657.0 0.0 -0.16 -0.22 0.0 -8.21 
4211.0 -4973.0 0.22 0.0 -0.22 0.0 -8.21 
4486.0 -4973.0 0.22 -0.22 -0.22 0.0 -8.21 
4486.0 -4973.0 0.22 -0.22 -0.22 0.0 -8.21 
4486.0 -5303.0 0.22 -0.22 -0.22 0.0 -8.21 
4828.0 -5303.0 0.22 -0.22 -0.27 0.0 -8.21 
4828.0 -5686.0 0.22 -0.22 -0.27 0.0 -8.21 
5196.0 -6109.0 0.22 -0.27 -0.27 0.0 -8.21 
5601.0 -6109.0 0.27 -0.27 -0.29 0.0 -8.21 
5601.0 -6608.0 0.27 -0.27 -0.29 0.0 -8.21 
5601.0 -6608.0 0.27 -0.27 -0.29 0.0 -8.21 
6063.0 -6608.0 0.29 -0.29 -0.29 0.0 -8.21 
6063.0 -7160.0 0.29 -0.29 -0.29 0.0 -8.21 
6567.0 -7751.0 0.29 -0.29 -0.29 0.0 -8.21 
6567.0 -7751.0 0.29 -0.29 -0.29 0.0 -8.21 
7115.0 -8374.0 0.29 -0.29 -0.29 0.0 -8.21 
7115.0 -8374.0 0.29 -0.29 -0.29 0.0 -8.21 
7115.0 -8374.0 0.29 -0.29 -0.29 0.0 -8.21 
8286.0 -9020.0 0.29 -0.29 -0.29 0.0 -8.2 
8286.0 -9665.0 0.0 -0.29 -0.29 0.0 -8.2 
8286.0 -9665.0 0.0 -0.29 -0.29 0.0 -8.2 
8817.0 -10321.0 0.29 -0.29 -0.29 0.0 -8.21 
9366.0 -10321.0 0.29 -0.29 -0.29 0.0 -8.21 
9366.0 -10981.0 0.29 -0.29 -0.29 0.0 -8.21 
9956.0 -10981.0 0.29 -0.29 -0.29 0.0 -8.2 
9956.0 -11638.0 0.29 -0.29 -0.29 0.0 -8.2 
10563.0 -12297.0 0.29 -0.29 -0.29 0.0 -8.2 
10563.0 -12297.0 0.29 -0.29 -0.29 0.0 -8.21 
11156.0 -12958.0 0.29 -0.29 -0.29 0.0 -8.21 
11156.0 -12958.0 0.29 -0.29 -0.29 0.0 -8.21 
11754.0 -13611.0 0.29 -0.29 -0.29 0.0 -8.21 
12366.0 -13611.0 0.29 -0.29 -0.29 0.0 -8.21 
12366.0 -14260.0 0.29 -0.29 -0.29 0.0 -8.21 
12366.0 -14260.0 0.29 -0.29 -0.29 0.0 -8.21 
12976.0 -14916.0 0.29 -0.29 -0.29 0.0 -8.2 
13571.0 -14916.0 0.0 0.0 -0.29 0.0 -8.2 
13571.0 -15513.0 0.29 -0.29 -0.29 0.0 -8.21 
14065.0 -16109.0 0.29 -0.29 -0.25 0.0 -8.21 
14065.0 -16109.0 0.29 -0.29 -0.25 0.0 -8.21 
14644.0 -16109.0 0.29 -0.29 -0.25 0.0 -8.21 
14644.0 -16750.0 0.29 -0.29 -0.25 0.0 -8.21 
15227.0 -17385.0 0.25 -0.25 -0.25 0.0 -8.21 
15794.0 -17385.0 0.25 -0.25 -0.18 0.0 -8.21 
15794.0 -17385.0 0.25 -0.25 -0.18 0.0 -8.21 
15794.0 -17977.0 0.25 -0.25 -0.18 0.0 -8.2 
16345.0 -18555.0 0.18 -0.25 -0.11 0.0 -8.2 
16877.0 -18555.0 0.18 -0.18 -0.11 0.0 -8.21 
16877.0 -19028.0 0.18 -0.18 -0.11 0.0 -8.21 
16877.0 -19028.0 0.18 -0.18 -0.11 0.0 -8.21 
17346.0 -19460.0 0.18 -0.18 -0.11 0.0 -8.2 
17765.0 -19460.0 0.18 -0.11 -0.11 0.0 -8.2 
17765.0 -19460.0 0.18 -0.11 -0.11 0.0 -8.2 
17765.0 -19818.0 0.11 -0.11 -0.05 0.0 -8.2 
18111.0 -19818.0 0.11 -0.11 -0.05 0.0 -8.2 
18111.0 -20108.0 0.05 -0.05 -0.01 0.0 -8.2 
18387.0 -20331.0 0.05 -0.05 -0.01 0.0 -8.21 
18580.0 -20331.0 0.05 -0.05 -0.01 0.0 -8.21 
18580.0 -20488.0 0.05 -0.05 -0.01 0.0 -8.21 
18710.0 -20488.0 0.01 -0.01 -0.01 0.0 -8.21 
18710.0 -20572.0 0.01 -0.01 0.0 0.0 -8.21 
18758.0 -20572.0 0.01 -0.01 0.0 0.0 -8.21 
18758.0 -20590.0 0.01 -0.01 0.0 0.0 -8.21 
18763.0 -20590.0 0.0 0.0 0.0 0.0 -8.21 
18763.0 -20590.0 0.0 0.0 0.0 0.0 -8.21 
18763.0 -20590.0 0.0 0.0 0.0 0.0 -8.21 
Trial4























































































18763.0 -20591.0 0.0 0.0 0.0 0.01 -8.21 
18763.0 -20591.0 0.0 0.0 0.0 0.01 -8.21 
18763.0 -20591.0 0.0 0.0 0.0 0.01 -8.21 
18763.0 -20591.0 0.0 0.0 0.0 0.01 -8.21 
18763.0 -20591.0 0.0 0.0 0.0 0.01 -8.21 
18763.0 -20591.0 0.0 0.0 0.0 0.01 -8.21 
18763.0 -20591.0 0.0 0.0 0.0 0.01 -8.21 
18763.0 -20591.0 0.0 0.0 0.0 0.01 -8.21 
18763.0 -20591.0 0.0 0.0 0.0 0.01 -8.21 
18763.0 -20591.0 0.0 0.0 0.0 0.01 -8.21 
18763.0 -20591.0 0.0 0.0 0.0 0.01 -8.21 
18763.0 -20591.0 0.0 0.0 0.0 0.01 -8.21 
18763.0 -20591.0 0.0 0.0 0.0 0.01 -8.21 
18763.0 -20591.0 0.0 0.0 0.0 0.01 -8.21 
18763.0 -20591.0 0.0 0.0 0.0 0.01 -8.21 
18763.0 -20591.0 0.0 0.0 0.0 0.01 -8.21 
18763.0 -20591.0 0.0 0.0 0.0 0.01 -8.21 
18763.0 -20591.0 0.0 0.0 0.0 0.01 -8.21 
18763.0 -20591.0 0.0 0.0 0.0 0.01 -8.21 
18763.0 -20591.0 0.0 0.0 0.0 0.01 -8.21 
18763.0 -20591.0 0.0 0.0 0.0 0.01 -8.21 
18763.0 -20591.0 0.0 0.0 0.0 0.01 -8.21 
18763.0 -20591.0 0.0 0.0 0.0 0.01 -8.21 
18763.0 -20591.0 0.0 0.0 0.0 0.01 -8.21 
18763.0 -20591.0 0.0 0.0 0.0 0.01 -8.21 
18763.0 -20591.0 0.0 0.0 0.0 0.01 -8.21 
18763.0 -20591.0 0.0 0.0 0.0 0.01 -8.21 
18763.0 -20591.0 0.0 0.0 0.0 0.01 -8.21 
18763.0 -20591.0 0.0 0.0 0.0 0.01 -8.21 
18763.0 -20591.0 0.0 0.0 0.0 0.01 -8.21 
18763.0 -20591.0 0.0 0.0 0.0 0.01 -8.21 
18763.0 -20591.0 0.0 0.0 0.0 0.01 -8.21 
18763.0 -20591.0 0.0 0.0 0.0 0.01 -8.21 
18763.0 -20591.0 0.0 0.0 0.0 0.01 -8.21 
18763.0 -20591.0 0.0 0.0 0.0 0.01 -8.21 
18763.0 -20591.0 0.0 0.0 0.0 0.01 -8.21 
18763.0 -20591.0 0.0 0.0 0.0 0.01 -8.21 
18763.0 -20591.0 0.0 0.0 0.0 0.01 -8.21 
18763.0 -20591.0 0.0 0.0 0.05 0.01 -8.21 
18763.0 -20591.0 0.0 0.0 0.05 0.01 -8.21 
18763.0 -20591.0 0.0 0.0 0.05 0.01 -8.21 
18763.0 -20591.0 0.0 0.0 0.05 0.01 -8.21 
18763.0 -20591.0 0.0 0.0 0.05 0.01 -8.21 
18763.0 -20591.0 -0.04 0.0 0.05 0.01 -8.21 
18763.0 -20574.0 -0.04 0.05 0.22 0.01 -8.21 
18745.0 -20574.0 -0.04 0.05 0.22 0.01 -8.21 
18745.0 -20574.0 -0.04 0.05 0.22 0.01 -8.21 
18745.0 -20535.0 -0.04 0.0 0.32 0.01 -8.21 
Trial5
18668.0 -20503.0 -0.22 0.22 0.32 0.01 -8.21 
18668.0 -20314.0 -0.22 0.33 0.32 0.01 -8.21 
18668.0 -20314.0 -0.22 0.33 0.32 0.01 -8.21 
18445.0 -20314.0 -0.32 0.33 0.43 0.01 -8.21 
18445.0 -19895.0 -0.32 0.33 0.43 0.01 -8.21 
18021.0 -19895.0 -0.43 0.44 0.43 0.01 -8.21 
18021.0 -19297.0 -0.43 0.44 0.48 0.01 -8.21 
18021.0 -19297.0 -0.43 0.44 0.48 0.01 -8.21 
17447.0 -18494.0 -0.43 0.44 0.48 0.01 -8.21 
16721.0 -17675.0 -0.48 0.44 0.48 0.0 -8.21 
15879.0 -17